0    1.0607    1.0607    
0.1  0.8288    1.2502    
0.2  0.56389   1.39      
0.3  0.27651   1.4743    
0.4  -0.021902 1.4998    
0.5  -0.31944  1.4656    
0.6  -0.60424  1.3729    
0.7  -0.86495  1.2255    
0.8  -1.0912   1.0292    
0.9  -1.2739   0.79194   
1    -1.4058   0.52307   
1.1  -1.4817   0.23334   
1.2  -1.4986   -0.065687 
1.3  -1.4556   -0.3621   
1.4  -1.3547   -0.64407  
1.5  -1.1997   -0.90037  
1.6  -0.99694  -1.1208   
1.7  -0.7544   -1.2965   
1.8  -0.48179  -1.4205   
1.9  -0.18997  -1.4879   
2    0.10942   -1.496    
2.1  0.40445   -1.4444   
2.2  0.68335   -1.3353   
2.3  0.93501   -1.1729   
2.4  1.1494    -0.96379  
2.5  1.318     -0.71622  
2.6  1.434     -0.44011  
2.7  1.4928    -0.14645  
2.8  1.4922    0.15305   
2.9  1.432     0.44645   
3    1.3148    0.72205   
3.1  1.1451    0.96886   
